01  0639 1654  0633 1720  0609 1742  0532 1801  0500 1820  0442 1840  0445 1848  0501 1836  0520 1805  0536 1728  0557 1655  0621 1642
02  0639 1655  0633 1721  0608 1742  0531 1802  0459 1821  0441 1840  0445 1848  0502 1835  0520 1804  0537 1727  0558 1655  0622 1642
03  0639 1655  0632 1721  0606 1743  0529 1803  0458 1822  0441 1841  0446 1848  0503 1835  0521 1803  0537 1726  0558 1654  0623 1642
04  0640 1656  0631 1722  0605 1744  0528 1803  0457 1822  0441 1841  0446 1848  0503 1834  0521 1802  0538 1724  0559 1653  0624 1642
05  0640 1657  0631 1723  0604 1744  0527 1804  0456 1823  0441 1842  0446 1848  0504 1833  0522 1800  0538 1723  0600 1652  0624 1642
06  0640 1658  0630 1724  0603 1745  0526 1805  0455 1824  0441 1842  0447 1848  0504 1832  0522 1759  0539 1722  0601 1652  0625 1642
07  0640 1658  0629 1725  0602 1746  0525 1805  0455 1824  0441 1843  0447 1848  0505 1831  0523 1758  0540 1721  0601 1651  0626 1642
08  0640 1659  0628 1726  0601 1746  0524 1806  0454 1825  0441 1843  0448 1847  0506 1830  0523 1757  0540 1720  0602 1650  0627 1643
09  0640 1700  0628 1726  0600 1747  0522 1806  0453 1826  0441 1843  0448 1847  0506 1830  0524 1755  0541 1718  0603 1650  0627 1643
10  0640 1701  0627 1727  0558 1748  0521 1807  0452 1826  0441 1844  0449 1847  0507 1829  0524 1754  0541 1717  0604 1649  0628 1643
11  0640 1702  0626 1728  0557 1748  0520 1808  0452 1827  0441 1844  0449 1847  0507 1828  0525 1753  0542 1716  0605 1648  0629 1643
12  0640 1702  0625 1729  0556 1749  0519 1808  0451 1827  0441 1845  0450 1847  0508 1827  0526 1752  0543 1715  0606 1648  0629 1643
13  0640 1703  0624 1730  0555 1750  0518 1809  0450 1828  0441 1845  0450 1846  0509 1826  0526 1750  0543 1714  0606 1647  0630 1644
14  0640 1704  0623 1730  0554 1750  0517 1809  0450 1829  0441 1845  0451 1846  0509 1825  0527 1749  0544 1713  0607 1647  0631 1644
15  0640 1705  0623 1731  0552 1751  0516 1810  0449 1829  0441 1846  0451 1846  0510 1824  0527 1748  0545 1712  0608 1646  0631 1644
16  0639 1706  0622 1732  0551 1752  0515 1811  0448 1830  0441 1846  0452 1845  0510 1823  0528 1747  0545 1711  0609 1646  0632 1645
17  0639 1707  0621 1733  0550 1752  0513 1811  0448 1831  0441 1846  0453 1845  0511 1822  0528 1745  0546 1709  0610 1645  0633 1645
18  0639 1707  0620 1734  0549 1753  0512 1812  0447 1831  0441 1847  0453 1844  0512 1821  0529 1744  0547 1708  0611 1645  0633 1646
19  0639 1708  0619 1734  0548 1754  0511 1813  0447 1832  0441 1847  0454 1844  0512 1820  0529 1743  0547 1707  0611 1645  0634 1646
20  0639 1709  0618 1735  0546 1754  0510 1813  0446 1833  0442 1847  0454 1844  0513 1819  0530 1742  0548 1706  0612 1644  0634 1646
21  0638 1710  0617 1736  0545 1755  0509 1814  0446 1833  0442 1847  0455 1843  0513 1818  0530 1740  0549 1705  0613 1644  0635 1647
22  0638 1711  0616 1737  0544 1755  0508 1815  0445 1834  0442 1847  0455 1842  0514 1817  0531 1739  0549 1704  0614 1644  0635 1647
23  0638 1712  0615 1737  0543 1756  0507 1815  0445 1834  0442 1848  0456 1842  0514 1815  0532 1738  0550 1703  0615 1643  0636 1648
24  0637 1713  0614 1738  0542 1757  0506 1816  0444 1835  0442 1848  0457 1841  0515 1814  0532 1737  0551 1702  0616 1643  0636 1648
25  0637 1714  0613 1739  0540 1757  0505 1816  0444 1836  0443 1848  0457 1841  0516 1813  0533 1735  0552 1701  0616 1643  0637 1649
26  0636 1714  0612 1740  0539 1758  0504 1817  0443 1836  0443 1848  0458 1840  0516 1812  0533 1734  0552 1701  0617 1643  0637 1650
27  0636 1715  0611 1740  0538 1758  0503 1818  0443 1837  0443 1848  0458 1840  0517 1811  0534 1733  0553 1700  0618 1642  0637 1650
28  0635 1716  0610 1741  0537 1759  0502 1818  0443 1837  0444 1848  0459 1839  0517 1810  0534 1732  0554 1659  0619 1642  0638 1651
29  0635 1717             0536 1800  0501 1819  0442 1838  0444 1848  0500 1838  0518 1809  0535 1730  0555 1658  0620 1642  0638 1652
30  0634 1718             0534 1800  0500 1820  0442 1839  0444 1848  0500 1838  0518 1807  0535 1729  0555 1657  0620 1642  0638 1652
31  0634 1719             0533 1801             0442 1839             0501 1837  0519 1806             0556 1656             0639 1653
